10050101200701312007 9
10050111201002102010 4
10050112200902112009 5
10050114200802132008 3
10050115200702142007 8
10050125201002242010 4
10050126200902252009 5
10050128200802272008 4
10050129200702282007 7
10050208201003102010 3
10050209200903112009 6
10050211200803122008 4
10050212200703142007 6
10050222201003242010 3
10050223200903252009 6
10050225200803262008 4
10050226200703282007 6
10050308201004072010 3
10050309200904082009 7
10050310200804092008 4
10050312200704112007 5
10050322201004212010 3
10050323200904222009 5
10050324200804232008 6
10050326200704252007 7
10050405201005052010 3
10050406200905062009 7
10050407200805072008 5
10050409200705092007 6
10050419201005192010 3
10050420200905202009 5
10050421200805212008 4
10050423200705232007 5
10050503201006022010 3
10050504200906032009 5
10050505200806042008 4
10050507200706062007 3
10050517201006162010 3
10050518200906172009 4
10050519200806182008 5
10050521200706202007 4
10050531201006302010 4
10050601200907012009 6
10050602200807022008 4
10050604200707042007 7
10050614201007142010 4
10050615200907152009 5
10050616200807162008 5
10050618200707182007 6
10050628201007282010 4
10050629200907292009 6
10050630200807302008 5
10050702200708012007 5
10050712201008112010 3
10050713200908122009 7
10050714200808132008 3
10050716200708152007 5
10050726201008252010 3
10050727200908262009 6
10050728200808272008 4
10050730200708292007 5
10050809201009082010 3
10050810200909092009 5
10050811200809102008 5
10050813200709122007 6
10050814200609132006 2
10050823201009222010 3
10050824200909232009 6
10050825200809242008 5
10050827200709262007 4
10050828200609272006 0
10050906201010062010 3
10050907200910072009 6
10050908200810082008 3
10050910200710102007 4
10050911200610112006 1
10050920201010202010 4
10050921200910212009 4
10050922200810222008 4
10050924200710242007 4
10050925200610252006 3
10051004201011032010 3
10051005200911042009 4
10051006200811052008 4
10051008200711072007 3
10051009200611082006 3
10051018201011172010 4
10051019200911182009 4
10051020200811192008 5
10051022200711212007 3
10051023200611222006 4
10051102200912022009 4
10051103200812032008 5
10051105200712052007 3
10051106200612062006 4
10051116200912162009 3
10051117200812172008 3
10051119200712192007 4
10051120200612202006 6
10051130200912302009 4
10051201200812312008 7
10051203200701022008 5
10051204200601032007 7
10051214200901132010 5
10051215200801142009 5
10051217200701162008 5
10051218200601172007 7
10051228200901272010 5
10051229200801282009 7
10051231200701302008 5
Balafile.dot -1
ComContingencyTable1005 -1
ComEvolutions -1
CommunitySizes -1
Dates -1
Edgelist_comEvolutions.txt -1
TransitionProbs -1
